1111111111111111111111111111111
1000001000000000100000000100001
1011101011111110101111110101001
1000101000100010101000000101001
1111101000101010101010110101011
2000001111101010101010111011101
1111101000101010100000000101001
1000001010111010111111110101001
1011101000000000100000000000011
1010101110111110101111011111111
1010100000100010101010100000011
1000111111011101010101011111111
1010100000001000100010001000001
1010101011101111101010101011111
1010100010100000001010100000001
1010101110111111111010111111111
1010101010100000000000000000011
1010101010001111111011111111011
1010111011111000001010000100001
1010000000001011101011110111001
1011101010001000101010000000011
1010001011111111101011111111011
1010111000001000101010000101001
1010101111101010100010111111101
1000100010100010101010000000001
1111101010101010101010111111111
1000000010101010001000000000001
1011111110111011011110111110111
1000000010000010001000000000001
1000000010000010001000000000101
1111111119111111111111111111111 